.Random.seed <-
c(10403L, 90L, 1136240572L, 743735954L, 373893517L, 1232409031L, 
1051046574L, -1734173944L, 697010443L, 684267497L, 578826424L, 
-914589850L, -378170367L, -1775459693L, -40008382L, -1656108300L, 
1900115703L, -2120296723L, -1314381436L, -825643094L, 685045013L, 
-1751318609L, -832221258L, 853489120L, 1447120163L, 1372004929L, 
672959792L, -202766514L, -924037703L, -1719455797L, -558865286L, 
-1622379140L, 157437375L, 559131285L, 2088065196L, 581608066L, 
460974685L, -1244537513L, 655712318L, 657683576L, -1408950437L, 
-1403557191L, 884795144L, -895083082L, 327303921L, 1121256739L, 
2096226162L, 1662971332L, -1696238201L, -843729059L, 855791956L, 
-2085102726L, 573577925L, -2119758817L, -2062705754L, 668015920L, 
-957112365L, -1894773263L, 678083360L, -717179458L, 1333120457L, 
712544635L, -803416246L, -597309524L, -425505105L, -1931948955L, 
-1594164196L, -1506291086L, -193911571L, -39502553L, -353638066L, 
2055162280L, 1889193387L, -1021655351L, 1740218072L, 925877126L, 
-1031170463L, -1382658061L, 1917182562L, -1693838124L, -1799080489L, 
1873313741L, 762706788L, -126410934L, 1588201141L, -1998676465L, 
-1127756010L, -283600448L, 1014262147L, -551546975L, -1859362928L, 
808830062L, 1873277465L, 1013103275L, -1067172198L, -648029604L, 
-524490913L, 111163701L, -332539700L, -1767480798L, 312015997L, 
-207166089L, -2088236386L, 1280051544L, -1578323781L, 2092854873L, 
-1557905944L, 249645078L, -1207520367L, -489194429L, 108393298L, 
506042340L, -736123353L, -6463875L, -850059404L, 1834464090L, 
458073509L, 1434714559L, -876320186L, 4040912L, 2145780467L, 
2018104337L, 418300480L, -893921762L, 1604223209L, -1973583333L, 
1463689770L, 465069388L, -396712177L, 1191021125L, -461259780L, 
326468178L, -303833139L, 1386731911L, -787395474L, -2007583672L, 
-1762488757L, 1539531689L, 497658616L, 1542700582L, 1358591809L, 
2028092627L, 1863590018L, 610524852L, -2014127561L, -1322868435L, 
573977156L, 1461514090L, 754064341L, 1863310703L, -1507702666L, 
-1433066592L, 1054381155L, 426672385L, -1737782160L, -1760761842L, 
-1000908679L, -285812725L, -2071070406L, 1814882364L, 1332035455L, 
573027541L, 543148268L, 1133380162L, 1080477085L, 2033606679L, 
-1855367810L, 1375431480L, -1187212261L, -902836871L, -965764152L, 
-2142238730L, 621742641L, -127755165L, 2060035122L, 748839300L, 
1387399111L, -1323365731L, 807713300L, 1480751290L, 1243628805L, 
1324895967L, -821914778L, 214184688L, -314502637L, -1328219215L, 
-268245408L, 1045931006L, -1141720183L, -1861677893L, -1215944566L, 
-578126996L, 1338368239L, 1946659621L, -1496361508L, 1149211570L, 
2069117613L, 611201639L, 1960497550L, -108685720L, 1570996843L, 
-9593847L, -1394384232L, -1805560378L, -1509575391L, -505760333L, 
-1208975070L, -923845868L, 308577175L, -384439411L, -183060828L, 
1443330186L, 579354357L, -2079973041L, 989793878L, -499018496L, 
-245714877L, 182576097L, 697211728L, -2079167058L, 2123621209L, 
-1039267477L, -1607724838L, 1808849308L, 4547999L, 570169333L, 
-795732340L, 1093288802L, 815934269L, -1509304496L, 767329324L, 
-626879116L, 1407205010L, -1415693728L, -1907567988L, -1332499616L, 
1604596450L, -1445218136L, -701828916L, 1956995580L, -1208467534L, 
1690875376L, -1751437884L, -275163304L, -347505798L, 415055280L, 
-1195425348L, -457867180L, -574213182L, 1693041440L, 115521468L, 
-126487984L, 106425826L, -1204768408L, -905646772L, 1641119996L, 
-699153678L, 1948913408L, -2111127948L, -1630732280L, 547295674L, 
-1260408880L, 1183877612L, -532281452L, -419958062L, -878764448L, 
730727756L, 1990911264L, -1707947390L, -1257563672L, -1664319508L, 
-1241274820L, 1167771250L, -1897731216L, 213436708L, 1059529272L, 
-298968678L, -262604336L, -850336324L, -1759774572L, -139471742L, 
213337536L, 988449596L, 446360720L, -960160990L, -100862456L, 
-311507700L, -1612302948L, 921308690L, 1006541696L, -311708908L, 
1184051496L, -930692038L, 2011876304L, -1448838548L, 1302114868L, 
-573474158L, 1603650912L, 1201289548L, -1043822624L, -382569054L, 
-1179765336L, 1395611276L, 1788083644L, -240300430L, -1332112400L, 
-1015599548L, 1058910296L, 1764046906L, -2017697680L, -725354436L, 
-1548295916L, -1930992958L, 1960683232L, -716171140L, -115427632L, 
-181798494L, 694143016L, 137595660L, -925316676L, 1596511026L, 
719379136L, -445633484L, 1642581704L, 362992826L, 970069648L, 
-1534714132L, -860345772L, -600993134L, 86645024L, 1696481740L, 
902013664L, 1379676354L, 31599656L, 220485548L, 104782524L, -705352718L, 
-1546095056L, 938327972L, 1565027768L, -815454374L, 437997712L, 
1683774332L, -2093104876L, 830355778L, 411934976L, 1164832188L, 
-1126915760L, 1051900194L, -923567544L, -359313396L, -2079295908L, 
-673592878L, -1465616896L, 1703884116L, 2510056L, 1492836602L, 
714221264L, 58272556L, 1557557492L, 1641027986L, 61021536L, -877048820L, 
15957216L, 519946850L, -2021079896L, 1553448012L, -932341892L, 
1282668850L, -206278032L, 1501901636L, 655086552L, -1760566406L, 
-763295696L, 1678028732L, -1820958124L, 559566914L, 552644256L, 
-995376452L, -1120629808L, 203160930L, 1672191720L, -98304820L, 
987533820L, -1539662350L, 379577472L, 12347892L, -562390392L, 
428919610L, -1710690992L, 1074408556L, -1406065260L, 477315154L, 
857914848L, 693179596L, 1758461600L, -1677282942L, 1223424232L, 
-690406676L, -1122138820L, -1887973262L, -549793168L, 1240721956L, 
-642164680L, -1099650790L, -1658141488L, 138905916L, -1062943852L, 
1924118402L, 359877568L, 398747196L, 202891664L, -2137991134L, 
1459332360L, 260069516L, 2144415516L, -1582869358L, 11613568L, 
-282202092L, -1954900184L, 475563578L, 694637008L, 952932716L, 
-543788108L, 663857682L, -1422759968L, -773305908L, -1756342048L, 
-798790622L, 347624232L, -92169716L, 995140412L, -2031984654L, 
406967024L, -291554748L, -1300353448L, -1793165510L, 619106288L, 
1292337852L, -1657563884L, -1257546558L, -1756558240L, -2050935428L, 
1659949008L, 1389527330L, -278210904L, -1831118964L, -694020932L, 
-658994382L, 305743424L, 1513665716L, -392190904L, 1740006842L, 
169880080L, 1089436908L, -2028568236L, -1296367627L, -1583818286L, 
-1333493216L, -1913947127L, -1473986245L, 1637713036L, -1803218662L, 
-1903622257L, -1705830183L, 467498862L, 1225469692L, 1667812461L, 
94214167L, 1021501920L, -894693954L, 1853666187L, 1816077325L, 
1619903546L, -1054981000L, 1667289121L, 1357314771L, -268453388L, 
-1562697086L, -1875460329L, -1572833823L, 2044529446L, 1617864228L, 
246964437L, 1777287295L, 816518424L, -1339306954L, -352775485L, 
-692814075L, -983682398L, -1426513776L, 149827641L, -429489941L, 
-285560356L, 695998474L, 1679271679L, -1516538039L, 35851486L, 
-1417948532L, -1333782947L, -730416025L, -33779312L, 1793601966L, 
960619611L, -1533463491L, 281787050L, -1971959992L, 1306241905L, 
1544875235L, -399899676L, 145642258L, 515202791L, -1097471823L, 
1343458038L, -260993772L, -427355611L, 1726308143L, 1217093864L, 
818971078L, 1150333043L, 1239374549L, 720087218L, 1085914240L, 
1942364265L, 839064795L, -1710796756L, -1610280902L, 705195759L, 
-1049468551L, -2019004914L, 78221276L, 106530893L, -1718842441L, 
169383232L, 1458017310L, -985591061L, -496698771L, 1705552602L, 
-284921192L, 98930945L, 341907123L, 809026004L, -786845470L, 
1124321655L, 1450465473L, -1944263610L, -1241060476L, -2013897419L, 
846793503L, 1758264952L, 31466326L, -140367389L, 114196389L, 
1505910338L, -419699664L, 487487577L, 1836365259L, -208300484L, 
1248143466L, -52727137L, 1830453033L, -1505860674L, 1214157484L, 
573513725L, -671414457L, -796989392L, 1772806478L, 837077371L, 
466169565L, -653072630L, -1537475032L, -1792792943L, 1705766531L, 
-446754940L, -1610283598L, -1181185273L, -1380490927L, 1537153238L, 
-319941196L, 744600005L, -500236017L, -2125553784L, 175754918L, 
-1416290733L, 1757314997L, -855429870L, 1305548512L, -1846056119L, 
700319099L, 1494306892L, 1711188442L, -220937265L, -185029223L, 
-904677970L, -1707580740L, -680803539L, -88141609L, -196413152L, 
952082046L, 1459537995L, -633703859L, -2133168006L, -2080202568L, 
